N1 -1.18998282935 -0.688522734234 -0.207399470479 0.0434731410334
N2 -0.877679486669 -0.376065783756 -0.20799995402 0.0426326262175
N3 -0.565582182654 -0.0627809787825 -0.208336918607 0.0419357828214
N4 -0.252718661373 0.250709580049 -0.20845375418 0.0415540740979
N5 0.0606700803141 0.563542921296 -0.208776747378 0.0414098629023
N6 0.37411370635 0.875557566957 -0.208466537707 0.0414856242353
N7 0.686722015295 1.18754646083 -0.208133267443 0.04167066531
N8 -1.03383655096 -0.53263720099 -0.372105072704 -0.121523967478
N9 -0.721895891687 -0.219706101865 -0.372854908342 -0.122356009615
N10 -0.409200886326 0.0940605033927 -0.373032955367 -0.12296692162
N11 -0.0958724977591 0.407424758255 -0.373094861067 -0.123482962398
N12 0.217728336217 0.719721288582 -0.373215571819 -0.123277531323
N13 0.530545163426 1.03166189169 -0.372879663718 -0.122884043876
N14 -1.03421967314 -0.532641155567 -0.536261179596 -0.285706876215
N15 -0.722242851682 -0.219901096023 -0.537185298 -0.286781043114
N16 -0.409232448382 0.0940698756957 -0.537665349535 -0.287530921858
N17 -0.0963085293155 0.407149447223 -0.538058579141 -0.287740963109
N18 0.217500426305 0.719813101206 -0.537580093362 -0.287664840026
N19 0.530539503517 1.03181526112 -0.537013137475 -0.286973906562
N20 -0.878140285379 -0.376138834993 -0.701184301251 -0.450449994011
N21 -0.565629694699 -0.0628990592886 -0.701546221109 -0.451586935555
N22 -0.252584766429 0.250717132425 -0.70159726098 -0.452325053013
N23 0.0606876051856 0.563475893205 -0.701786839516 -0.452547650612
N24 0.373798894479 0.875596289092 -0.701516040997 -0.45159343874
N25 -0.721878515886 -0.219500719672 -0.865360724123 -0.615238615707
N26 -0.409402978573 0.0936436503104 -0.865610111152 -0.616405292293
N27 -0.0960470314034 0.40684580971 -0.865751821066 -0.616715303644
N28 0.21705507459 0.719433557745 -0.865688409553 -0.616039375857
N29 -0.565709275175 -0.0628799590514 -1.02982662486 -0.779705677984
N31 0.0604450411985 0.563379319482 -1.02952353156 -0.780789134209
S1 -1.18932508457 -0.688124063205 -0.0427078007928 0.207557437234
S2 -0.877366986729 -0.37577399948 -0.0431512301402 0.20711765754
S3 -0.565413994546 -0.0625879510208 -0.043711804107 0.206590426705
S4 -0.252248753957 0.251048704435 -0.0435958436069 0.206360099027
S5 0.0609656895409 0.563665844413 -0.0438499490069 0.206021896927
S6 0.374362113649 0.875728959636 -0.0438283397634 0.20587260219
S7 0.686552202199 1.18744509036 -0.0435379075595 0.206320366967
S8 -1.03260195803 -0.531468680448 0.121788410381 0.371666538414
S9 -0.721292255795 -0.219097286564 0.121251596387 0.371194108676
S10 -0.408946602138 0.0940011664386 0.121279719364 0.371127084577
S11 -0.0957869638462 0.407150761073 0.121097327382 0.371217548768
S12 0.217712901116 0.719644286233 0.121062987416 0.370855851788
S13 0.530178276046 1.03095939692 0.120899268137 0.370472333609
S14 -1.03244636836 -0.530899532211 0.286121731551 0.535746918832
S15 -0.720908998057 -0.218923974381 0.286170207877 0.535541963778
S16 -0.408565984794 0.0940443295451 0.286029394959 0.535661125518
S17 -0.0956286698701 0.407018766993 0.28567039467 0.535313399515
S18 0.217386588345 0.719097119767 0.285493253362 0.535368278219
S19 0.529856536384 1.03085999212 0.285474256962 0.5346819193
S20 -0.875918229875 -0.374697641486 0.450721517034 0.699688003999
S21 -0.564409528448 -0.0623018332398 0.45053944862 0.699822709415
S22 -0.25193436517 0.250417924614 0.450368165061 0.699556425246
S23 0.0608377790401 0.562750329896 0.450005367429 0.699600267573
S24 0.372868421697 0.874710851253 0.449583933467 0.699171224334
S25 -0.719764121853 -0.218294730541 0.614980727873 0.863844491242
S26 -0.407766192037 0.0940303936799 0.615035434389 0.86359874189
S27 -0.0954160082172 0.406392528224 0.614473336902 0.863683173214
S28 0.216897438207 0.718328260727 0.614130764141 0.863316353264
S29 -0.563414150399 -0.0621977401561 0.778977713661 1.02783191948
S31 0.0609191661174 0.562043315269 0.778356117705 1.02738218019
